0.0000 1.0000 1.9400 1.9400
0.1000 1.0500 1.6700 1.6700
0.2000 1.1603 0.3803 0.3803
0.3000 1.3311 2.1711 2.1711
0.4000 1.5626 1.6026 1.6026
0.5000 1.8550 1.7650 1.7650
0.6000 2.2086 2.0386 2.0386
0.7000 2.6237 2.7537 2.7537
0.8000 3.1005 3.3605 3.3605
0.9000 3.6392 3.9192 3.9192
1.0000 4.2400 3.2500 6.0000
1.1000 4.9032 5.4832 5.4832
1.2000 5.6291 5.7391 5.7391
1.3000 6.4179 6.3479 6.3479
1.4000 7.2698 7.8398 7.8398
1.5000 8.1850 7.6950 7.6950
1.6000 9.1638 8.8038 8.8038
1.7000 10.2065 10.0465 10.0465
1.8000 11.3133 10.3433 10.3433
1.9000 12.4844 11.8644 11.8644
2.0000 13.7200 13.9200 13.9200
2.1000 15.0204 14.4004 14.4004
2.2000 16.3859 17.0159 17.0159
2.3000 17.8167 18.4567 30.0000
2.4000 19.3130 19.0130 19.0130
2.5000 20.8750 21.8350 21.8350
2.6000 22.5030 21.5030 21.5030
2.7000 24.1973 23.9373 23.9373
2.8000 25.9581 26.3281 26.3281
2.9000 27.7856 27.6556 27.6556
3.0000 29.6800 28.9600 28.9600
3.1000 31.6416 31.3216 31.3216
3.2000 33.6707 33.6707 33.6707
3.3000 35.7675 35.4675 35.4675
3.4000 37.9322 38.3322 38.3322
3.5000 40.1650 40.2150 40.2150
3.6000 42.4662 42.6862 42.6862
3.7000 44.8361 45.2861 45.2861
3.8000 47.2749 46.9849 30.0000
3.9000 49.7828 50.1728 50.1728
4.0000 52.3600 52.9800 52.9800
4.1000 55.0068 55.2968 55.2968
4.2000 57.7235 58.6835 58.6835
4.3000 60.5103 60.2903 60.2903
4.4000 63.3674 62.3974 62.3974
4.5000 66.2950 67.1150 67.1150
4.6000 69.2934 69.4234 69.4234
4.7000 72.3629 73.1129 73.1129
4.8000 75.5037 75.9937 75.9937
4.9000 78.7160 79.3860 79.3860
5.0000 82.0000 82.6500 82.6500
5.1000 85.3560 86.0860 86.0860
5.2000 88.7843 89.1843 89.1843
5.3000 92.2851 92.8951 92.8951
5.4000 95.8586 96.2386 96.2386
5.5000 99.5050 99.3350 99.3350
5.6000 103.2246 103.0646 103.0646
5.7000 107.0177 106.1177 106.1177
5.8000 110.8845 110.9645 110.9645
5.9000 114.8252 113.9552 113.9552
6.0000 118.8400 119.7300 100.0000
6.1000 122.9292 123.2592 123.2592
6.2000 127.0931 126.8631 126.8631
6.3000 131.3319 131.8019 131.8019
6.4000 135.6458 136.1458 136.1458
6.5000 140.0350 140.1950 140.1950
6.6000 144.4998 143.7598 143.7598
6.7000 149.0405 148.8405 148.8405
6.8000 153.6573 152.9273 152.9273
6.9000 158.3504 159.1704 159.1704
7.0000 163.1200 163.0900 163.0900
7.1000 167.9664 168.4964 168.4964
7.2000 172.8899 171.9599 171.9599
7.3000 177.8907 178.6307 178.6307
7.4000 182.9690 182.1190 182.1190
7.5000 188.1250 188.0150 188.0150
7.6000 193.3590 193.9790 193.9790
7.7000 198.6713 197.9713 197.9713
7.8000 204.0621 203.5121 203.5121
7.9000 209.5316 209.6016 209.6016
8.0000 215.0800 215.4700 200.0000
8.1000 220.7076 220.5776 220.5776
8.2000 226.4147 226.2147 226.2147
8.3000 232.2015 232.7115 232.7115
8.4000 238.0682 238.0582 238.0582
8.5000 244.0150 243.7150 243.7150
8.6000 250.0422 250.8122 250.8122
8.7000 256.1501 256.0401 256.0401
8.8000 262.3389 262.8989 262.8989
8.9000 268.6088 268.3488 268.3488
9.0000 274.9600 275.2200 300.0000
9.1000 281.3928 282.2128 282.2128
9.2000 287.9075 288.7075 288.7075
9.3000 294.5043 294.2143 294.2143
9.4000 301.1834 301.2434 301.2434
9.5000 307.9450 308.2350 308.2350
9.6000 314.7894 314.3294 300.0000
9.7000 321.7169 321.0069 321.0069
9.8000 328.7277 327.8577 327.8577
9.9000 335.8220 336.6420 300.0000

